11637517422274862853338597396444962842755527395386
13813736722492484783352359589446346269255745737236
21365113283247622439435873354254698446536572955764
36949315694725242672583635378369474648947258575925
74634171118574528222968563933327967424443827853555
13191281372422239248353334235946444534625755564573
13599124212462223532357333464346844457545795556865
31254216394236532742534764385364587549647569865275
12931385212324249632343535274345464638545657574965
23119445813422255692453336672356444778346755588945
22748628533385973964449628427555273953866638426497
24924847833523595894463462692557457372366856848347
32476224394358733542546984465365729557647683266875
47252426725836353783694746489472585759258369686236
85745282229685639333279674244438278535554938964666
24222392483533342359464445346257555645736866675684
24622235323573334643468444575457955568656826667976
42365327425347643853645875496475698652758672976386
23242496323435352743454646385456575749656768685276
34222556924533366723564447783467555889457866699256
33859739644496284275552739538666384264977749537528
35235958944634626925574573723668568483477967959458
43587335425469844653657295576476832668758794377986
58363537836947464894725857592583696862369472797347
96856393332796742444382785355549389646665249275777
35333423594644453462575556457368666756847977786795
35733346434684445754579555686568266679767937778287
53476438536458754964756986527586729763869783287497
34353527434546463854565757496567686852767879796387
45333667235644477834675558894578666992568977722367
44962842755527395386663842649777495375288852648639
46346269255745737236685684834779679594588278262569
54698446536572955764768326687587943779869825488297
69474648947258575925836968623694727973472503028450
27967424443827853555493896466652492757776352386888
46444534625755564573686667568479777867958280897826
46844457545795556865682666797679377782878240089398
64587549647569865275867297638697832874972894398520
45464638545657574965676868527678797963878902827498
56444778346755588945786669925689777223679288033478
55273953866638426497774953752888526486399963759742
57457372366856848347796795945882782625699309373672
65729557647683266875879437798698254882972936599320
72585759258369686236947279734725030284503614139561
38278535554938964666524927577763523868887463497999
57555645736866675684797778679582808978269391920937
57955568656826667976793777828782400893989351192429
75698652758672976386978328749728943985203925429631
56575749656768685276787979638789028274989213930529
67555889457866699256897772236792880334782399144509
